[0.    0.005 0.01  0.015 0.02  0.025 0.03  0.035 0.04  0.045 0.05  0.055
 0.06  0.065 0.07  0.075 0.08  0.085 0.09  0.095 0.1   0.105 0.11  0.115
 0.12  0.125 0.13  0.135 0.14  0.145 0.15  0.155 0.16  0.165 0.17  0.175
 0.18  0.185 0.19  0.195 0.2   0.205 0.21  0.215 0.22  0.225 0.23  0.235
 0.24  0.245 0.25  0.255 0.26  0.265 0.27  0.275 0.28  0.285 0.29  0.295
 0.3   0.305 0.31  0.315 0.32  0.325 0.33  0.335 0.34  0.345 0.35  0.355
 0.36  0.365 0.37  0.375 0.38  0.385 0.39  0.395 0.4   0.405 0.41  0.415
 0.42  0.425 0.43  0.435 0.44  0.445 0.45  0.455 0.46  0.465 0.47  0.475
 0.48  0.485 0.49  0.495 0.5   0.505 0.51  0.515 0.52  0.525 0.53  0.535
 0.54  0.545 0.55  0.555 0.56  0.565 0.57  0.575 0.58  0.585 0.59  0.595
 0.6   0.605 0.61  0.615 0.62  0.625 0.63  0.635 0.64  0.645 0.65  0.655
 0.66  0.665 0.67  0.675 0.68  0.685 0.69  0.695 0.7   0.705 0.71  0.715
 0.72  0.725 0.73  0.735 0.74  0.745 0.75  0.755 0.76  0.765 0.77  0.775
 0.78  0.785 0.79  0.795 0.8   0.805 0.81  0.815 0.82  0.825 0.83  0.835
 0.84  0.845 0.85  0.855 0.86  0.865 0.87  0.875 0.88  0.885 0.89  0.895
 0.9   0.905 0.91  0.915 0.92  0.925 0.93  0.935 0.94  0.945 0.95  0.955
 0.96  0.965 0.97  0.975 0.98  0.985 0.99  0.995 1.    1.005 1.01  1.015
 1.02  1.025 1.03  1.035 1.04  1.045 1.05  1.055 1.06  1.065 1.07  1.075
 1.08  1.085 1.09  1.095 1.1   1.105 1.11  1.115 1.12  1.125 1.13  1.135
 1.14  1.145 1.15  1.155 1.16  1.165 1.17  1.175 1.18  1.185 1.19  1.195
 1.2   1.205 1.21  1.215 1.22  1.225 1.23  1.235 1.24  1.245 1.25  1.255
 1.26  1.265 1.27  1.275 1.28  1.285 1.29  1.295 1.3   1.305 1.31  1.315
 1.32  1.325 1.33  1.335 1.34  1.345 1.35  1.355 1.36  1.365 1.37  1.375
 1.38  1.385 1.39  1.395 1.4   1.405 1.41  1.415 1.42  1.425 1.43  1.435
 1.44  1.445 1.45  1.455 1.46  1.465 1.47  1.475 1.48  1.485 1.49  1.495
 1.5   1.505 1.51  1.515 1.52  1.525 1.53  1.535 1.54  1.545 1.55  1.555
 1.56  1.565 1.57  1.575 1.58  1.585 1.59  1.595 1.6   1.605 1.61  1.615
 1.62  1.625 1.63  1.635 1.64  1.645 1.65  1.655 1.66  1.665 1.67  1.675
 1.68  1.685 1.69  1.695 1.7   1.705 1.71  1.715 1.72  1.725 1.73  1.735
 1.74  1.745 1.75  1.755 1.76  1.765 1.77  1.775 1.78  1.785 1.79  1.795
 1.8   1.805 1.81  1.815 1.82  1.825 1.83  1.835 1.84  1.845 1.85  1.855
 1.86  1.865 1.87  1.875 1.88  1.885 1.89  1.895 1.9   1.905 1.91  1.915
 1.92  1.925 1.93  1.935 1.94  1.945 1.95  1.955 1.96  1.965 1.97  1.975
 1.98  1.985 1.99  1.995 2.    2.005 2.01  2.015 2.02  2.025 2.03  2.035
 2.04  2.045 2.05  2.055 2.06  2.065 2.07  2.075 2.08  2.085 2.09  2.095
 2.1   2.105 2.11  2.115 2.12  2.125 2.13  2.135 2.14  2.145 2.15  2.155
 2.16  2.165 2.17  2.175 2.18  2.185 2.19  2.195 2.2   2.205 2.21  2.215
 2.22  2.225 2.23  2.235 2.24  2.245 2.25  2.255 2.26  2.265 2.27  2.275
 2.28  2.285 2.29  2.295 2.3   2.305 2.31  2.315 2.32  2.325 2.33  2.335
 2.34  2.345 2.35  2.355 2.36  2.365 2.37  2.375 2.38  2.385 2.39  2.395
 2.4   2.405 2.41  2.415 2.42  2.425 2.43  2.435 2.44  2.445 2.45  2.455
 2.46  2.465 2.47  2.475 2.48  2.485 2.49  2.495 2.5  ][ 1.906893e+06  2.262045e+06  2.531893e+06  2.673143e+06  2.552605e+06
  2.202427e+06  1.731987e+06  1.332063e+06  1.093946e+06  9.658090e+05
  9.183000e+05  9.101700e+05  9.353350e+05  9.624300e+05  1.004492e+06
  1.055384e+06  1.100284e+06  1.159907e+06  1.224079e+06  1.273705e+06
  1.335993e+06  1.393196e+06  1.456607e+06  1.511290e+06  1.567317e+06
  1.634064e+06  1.684699e+06  1.748448e+06  1.798135e+06  1.830580e+06
  1.879144e+06  1.901242e+06  1.928342e+06  1.951760e+06  1.971724e+06
  2.026202e+06  2.061076e+06  2.104397e+06  2.129413e+06  2.149015e+06
  2.136652e+06  2.090400e+06  1.976601e+06  1.819862e+06  1.609558e+06
  1.347534e+06  1.085594e+06  8.202520e+05  5.977690e+05  4.398280e+05
  3.378370e+05  2.670220e+05  2.313960e+05  2.093970e+05  1.896210e+05
  1.647670e+05  1.365190e+05  1.095470e+05  8.924400e+04  7.826600e+04
  7.548100e+04  7.590700e+04  7.555800e+04  7.224800e+04  6.541500e+04
  5.649000e+04  4.644100e+04  3.956300e+04  3.491400e+04  3.405700e+04
  3.511000e+04  3.618800e+04  3.638700e+04  3.424300e+04  3.037900e+04
  2.613800e+04  2.181900e+04  1.939000e+04  1.820500e+04  1.822700e+04
  1.938900e+04  1.983200e+04  1.979700e+04  1.864400e+04  1.658600e+04
  1.436400e+04  1.241100e+04  1.117500e+04  1.069800e+04  1.084600e+04
  1.169100e+04  1.190500e+04  1.194800e+04  1.132600e+04  1.010600e+04
  8.783000e+03  7.634000e+03  7.008000e+03  6.660000e+03  6.658000e+03
  6.982000e+03  7.251000e+03  7.258000e+03  6.895000e+03  6.261000e+03
  5.395000e+03  4.663000e+03  4.231000e+03  4.036000e+03  4.124000e+03
  4.287000e+03  4.525000e+03  4.569000e+03  4.389000e+03  4.050000e+03
  3.570000e+03  3.091000e+03  2.784000e+03  2.594000e+03  2.547000e+03
  2.836000e+03  2.968000e+03  2.936000e+03  3.184000e+03  2.954000e+03
  2.494000e+03  2.138000e+03  1.857000e+03  1.765000e+03  1.714000e+03
  1.813000e+03  1.947000e+03  2.057000e+03  2.032000e+03  2.005000e+03
  1.726000e+03  1.541000e+03  1.407000e+03  1.237000e+03  1.202000e+03
  1.135000e+03  1.312000e+03  1.399000e+03  1.504000e+03  1.472000e+03
  1.390000e+03  1.194000e+03  1.002000e+03  9.290000e+02  8.530000e+02
  8.310000e+02  9.270000e+02  9.740000e+02  1.028000e+03  9.890000e+02
  1.015000e+03  9.250000e+02  8.570000e+02  6.950000e+02  6.180000e+02
  6.570000e+02  6.100000e+02  6.540000e+02  7.330000e+02  7.420000e+02
  7.640000e+02  6.930000e+02  6.320000e+02  5.190000e+02  4.900000e+02
  4.700000e+02  4.140000e+02  4.920000e+02  5.300000e+02  5.020000e+02
  5.440000e+02  5.190000e+02  4.990000e+02  4.890000e+02  3.960000e+02
  3.600000e+02  3.320000e+02  3.830000e+02  3.690000e+02  3.970000e+02
  3.980000e+02  3.900000e+02  3.800000e+02  3.650000e+02  3.070000e+02
  2.660000e+02  2.410000e+02  2.340000e+02  2.510000e+02  3.100000e+02
  2.990000e+02  3.210000e+02  3.040000e+02  2.880000e+02  2.460000e+02
  2.370000e+02  2.010000e+02  1.750000e+02  1.920000e+02  2.290000e+02
  2.340000e+02  2.500000e+02  2.430000e+02  2.070000e+02  1.950000e+02
  2.110000e+02  1.840000e+02  1.400000e+02  1.590000e+02  1.550000e+02
  1.480000e+02  1.760000e+02  1.650000e+02  1.670000e+02  1.760000e+02
  1.540000e+02  1.290000e+02  1.300000e+02  1.310000e+02  1.090000e+02
  1.390000e+02  1.490000e+02  1.430000e+02  1.130000e+02  1.250000e+02
  1.360000e+02  1.160000e+02  1.080000e+02  8.400000e+01  6.300000e+01
  8.300000e+01  9.200000e+01  1.050000e+02  1.030000e+02  1.180000e+02
  1.020000e+02  1.090000e+02  9.400000e+01  7.500000e+01  7.900000e+01
  6.700000e+01  8.200000e+01  8.000000e+01  8.700000e+01  9.600000e+01
  1.010000e+02  9.700000e+01  8.400000e+01  6.400000e+01  8.300000e+01
  6.400000e+01  5.100000e+01  5.500000e+01  6.000000e+01  4.900000e+01
  6.700000e+01  6.900000e+01  6.700000e+01  5.100000e+01  4.600000e+01
  3.000000e+01  5.000000e+01  5.600000e+01  5.500000e+01  3.300000e+01
  5.000000e+01  5.300000e+01  5.400000e+01  5.700000e+01  3.800000e+01
  3.300000e+01  3.000000e+01  3.200000e+01  2.500000e+01  3.600000e+01
  3.100000e+01  4.000000e+01  4.000000e+01  5.500000e+01  4.100000e+01
  2.900000e+01  3.400000e+01  2.100000e+01  2.700000e+01  2.900000e+01
  2.400000e+01  4.500000e+01  3.800000e+01  4.600000e+01  2.900000e+01
  2.300000e+01  3.000000e+01  3.100000e+01  1.700000e+01  2.500000e+01
  2.900000e+01  2.700000e+01  2.600000e+01  2.800000e+01  2.200000e+01
  2.300000e+01  2.200000e+01  1.800000e+01  1.700000e+01  1.200000e+01
  2.100000e+01  2.600000e+01  2.500000e+01  1.600000e+01  2.500000e+01
  2.200000e+01  1.900000e+01  2.400000e+01  1.400000e+01  1.700000e+01
  1.500000e+01  1.300000e+01  1.900000e+01  1.200000e+01  1.900000e+01
  2.400000e+01  1.700000e+01  8.000000e+00  1.000000e+01  1.400000e+01
  1.500000e+01  1.100000e+01  1.700000e+01  1.100000e+01  1.500000e+01
  1.000000e+01  1.000000e+01  1.200000e+01  1.700000e+01  7.000000e+00
  1.300000e+01  1.300000e+01  9.000000e+00  9.000000e+00  9.000000e+00
  1.000000e+01  1.100000e+01  1.300000e+01  1.000000e+01  1.100000e+01
  1.100000e+01  7.000000e+00  1.500000e+01  6.000000e+00  6.000000e+00
  1.100000e+01  1.200000e+01  4.000000e+00  1.100000e+01  4.000000e+00
  9.000000e+00  1.000000e+01  7.000000e+00  1.600000e+01  4.000000e+00
  5.000000e+00  4.000000e+00  8.000000e+00  1.000000e+01  4.000000e+00
  1.000000e+01  6.000000e+00  5.000000e+00  1.300000e+01  3.000000e+00
  1.200000e+01  1.100000e+01  1.000000e+01  1.000000e+01  3.000000e+00
  3.000000e+00  9.000000e+00  3.000000e+00  7.000000e+00  7.000000e+00
  4.000000e+00  6.000000e+00  7.000000e+00  8.000000e+00  1.100000e+01
  5.000000e+00  6.000000e+00  1.100000e+01  5.000000e+00  8.000000e+00
  1.000000e+00  3.000000e+00  2.000000e+00 -5.000000e+00  6.000000e+00
  2.000000e+00 -3.000000e+00 -2.000000e+00  4.000000e+00  1.000000e+01
  1.000000e+00  6.000000e+00  1.000000e+00  3.000000e+00  0.000000e+00
  6.000000e+00 -2.000000e+00  5.000000e+00  2.000000e+00  2.000000e+00
  3.000000e+00  3.000000e+00  4.000000e+00  4.000000e+00  3.000000e+00
  6.000000e+00  0.000000e+00  2.000000e+00  5.000000e+00  1.000000e+00
  3.000000e+00 -1.000000e+00  2.000000e+00  4.000000e+00 -1.000000e+00
  0.000000e+00  2.000000e+00 -1.000000e+00  2.000000e+00  1.000000e+00
  2.000000e+00  6.000000e+00  6.000000e+00  2.000000e+00  1.000000e+00
  3.000000e+00  0.000000e+00  2.000000e+00 -1.000000e+00  7.000000e+00
 -2.000000e+00  0.000000e+00  0.000000e+00  6.000000e+00  3.000000e+00
  5.000000e+00  0.000000e+00  4.000000e+00  3.000000e+00  2.000000e+00
  1.000000e+00  1.000000e+00 -1.000000e+00  1.000000e+00  2.000000e+00
 -3.000000e+00  2.000000e+00 -2.000000e+00  4.000000e+00  6.000000e+00
  0.000000e+00  0.000000e+00 -2.000000e+00  1.000000e+00  0.000000e+00
  3.000000e+00  2.000000e+00  5.000000e+00 -3.000000e+00  4.000000e+00
  4.000000e+00  3.000000e+00  4.000000e+00  0.000000e+00  2.000000e+00
  0.000000e+00  4.000000e+00  1.000000e+00  1.000000e+00 -1.000000e+00
 -3.000000e+00  3.000000e+00  3.000000e+00  3.000000e+00  0.000000e+00
  3.000000e+00 -2.000000e+00 -1.000000e+00  2.000000e+00 -2.000000e+00
  2.000000e+00  1.000000e+00  0.000000e+00  3.000000e+00  0.000000e+00
 -1.000000e+00]